4, 6, 7, 9, 10, 12, 14, 16, 17, 18, 19, 23, 24, 25, 27, 30, 31, 32, 33, 37, 38, 40, 44, 45, 46, 48, 52, 55, 56, 57, 58, 61, 62, 63, 64
2, 5, 8, 10, 11, 12, 15, 16, 18, 19, 20, 22, 23, 26, 27, 29, 33, 37, 41, 42, 43, 44, 45, 47, 49, 50, 51, 52, 59, 60, 65
6, 7, 8, 10, 11, 12, 18, 25, 26, 29, 32, 37, 40, 42, 44, 45, 47, 49, 51, 53, 56, 60, 62
2, 6, 7, 9, 10, 14, 17, 21, 23, 24, 25, 28, 31, 33, 37, 40, 45, 46, 47, 51, 53, 55, 56, 58, 59, 60, 62
1, 2, 5, 7, 8, 10, 11, 15, 17, 19, 20, 21, 22, 23, 24, 25, 26, 27, 29, 33, 34, 38, 40, 41, 42, 43, 46, 47, 48, 49, 51, 53, 54, 55, 56, 58, 65
1, 2, 3, 4, 5, 9, 10, 11, 12, 13, 14, 18, 19, 22, 23, 26, 27, 30, 33, 37, 39, 40, 41, 46, 51, 52, 54, 55, 56, 57, 59, 64, 65
0, 8, 13, 30, 31, 35, 36, 37, 41, 42, 46, 47, 49, 50, 51, 53, 55, 56, 57, 59, 62, 63
1, 3, 6, 7, 8, 9, 10, 12, 13, 15, 17, 18, 20, 21, 22, 26, 27, 28, 29, 31, 33, 36, 37, 42, 44, 46, 47, 48, 51, 52, 55, 56, 62, 64
2, 3, 4, 5, 9, 10, 11, 15, 16, 18, 20, 21, 22, 23, 26, 28, 30, 31, 33, 36, 38, 40, 42, 44, 46, 47, 48, 51, 52, 54, 55, 57, 58, 59
0, 1, 3, 6, 7, 8, 10, 11, 12, 14, 16, 17, 18, 19, 20, 21, 22, 24, 29, 31, 32, 37, 38, 42, 45, 46, 52, 53, 59, 60, 61, 62, 64, 65
0, 7, 11, 13, 14, 16, 19, 21, 22, 25, 26, 27, 30, 33, 36, 37, 38, 40, 43, 46, 48, 49, 51, 55, 57, 59, 60, 61, 64