ll =  0.0
loss_zeroone =  0.2537878787878788
loss_symmetric =  0.25193309294871796
fscore =  1.3941225573150433
Clusters:
 [{0, 1, 2, 3, 4, 5, 6, 7, 8, 9, 10, 11, 12, 13, 14, 15, 16, 17, 18, 19, 20, 21, 22, 23, 24, 25, 26, 27, 28, 29, 30, 31, 32, 33, 34, 35, 36, 37, 38, 39, 40, 41, 42, 43, 44, 45, 46, 47, 48, 49, 50, 51, 52, 53, 54, 55, 56, 57, 58, 59, 60, 61, 62, 63, 64, 65}, {1, 5, 6, 10, 11, 23, 24, 27, 28, 30, 33, 37, 38, 40, 41, 42, 44, 45, 46, 47, 50, 52, 53, 56, 57, 58, 59, 61, 62}, {0, 1, 3, 4, 5, 7, 9, 11, 12, 14, 15, 21, 24, 26, 31, 33, 34, 35, 36, 37, 42, 43, 44, 45, 46, 47, 48, 60, 61, 62, 63, 64}, {0, 1, 2, 3, 4, 5, 6, 7, 8, 9, 10, 11, 12, 13, 14, 15, 16, 17, 18, 19, 20, 21, 22, 23, 24, 25, 26, 27, 28, 29, 30, 31, 32, 33, 34, 35, 36, 37, 38, 39, 40, 41, 42, 43, 44, 45, 46, 47, 48, 49, 50, 51, 52, 53, 54, 55, 56, 57, 58, 59, 60, 61, 62, 63, 64, 65}, {0, 1, 2, 3, 4, 5, 6, 7, 8, 9, 10, 11, 12, 13, 14, 15, 16, 17, 18, 19, 20, 21, 22, 23, 24, 25, 26, 27, 28, 29, 30, 31, 32, 33, 34, 35, 36, 37, 38, 39, 40, 41, 42, 43, 44, 45, 46, 47, 48, 49, 50, 51, 52, 53, 54, 55, 56, 57, 58, 59, 60, 61, 62, 63, 64, 65}, set(), set(), set(), {4, 7, 8, 9, 11, 12, 17, 18, 19, 20, 23, 25, 29, 30, 31, 32, 33, 36, 37, 39, 40, 42, 44, 47, 49, 50, 51, 53, 55, 57, 58, 60, 61}, {1, 2, 6, 7, 8, 10, 11, 16, 17, 18, 19, 20, 23, 25, 28, 30, 33, 34, 36, 37, 38, 39, 41, 44, 45, 48, 49, 51, 52, 54, 55, 56, 57, 58, 59, 61, 64}, {1, 2, 3, 5, 8, 11, 12, 13, 14, 16, 19, 20, 22, 26, 32, 38, 39, 45, 46, 49, 50, 51, 52, 53, 55, 58, 60, 62, 63, 64, 65}, {0, 3, 4, 8, 10, 12, 13, 15, 16, 17, 19, 21, 22, 25, 26, 28, 29, 30, 31, 33, 36, 37, 39, 40, 41, 45, 46, 52, 53, 55, 57, 59, 60, 61, 63, 64, 65}]

Theta:
 [2.3846934147944583, 0.16528917010069671, 0.043386585379035975, 0.12602999595885192, 0.16528619113973858, 0.20316211676647217, 0.1652879408954929, 0.30853917110834095, 1.371209206908436, 0.08539944633758781, 0.12602999279299623, 0.08539943316131915, 0.2031636433729953, 0.694212140928649, 0.48209150639645193, 0.67148720822111, 0.1260306853430873, 0.08539944853698436, 0.12603087488817263, 0.1260292202386937, 0.23966893898349545, 0.3085398215439094, 0.20316798578252537, 0.16528881229331666, 0.1652869515187803, 0.085398349839581, 0.08515806197252401, 0.6611543728187907, 0.6804387114239225, 0.27467527090249344, 0.12603259759477464, 0.3085394360408188, 0.04318935819534425, 0.08525029275415556, 0.6942129802984613, 0.7045446826657441, 0.3408506249331639, 0.2747062754072803, 0.04318935819534425, 0.16528921505843502, 0.16528526160481113, 0.0853988335648843, 0.3718987818906146, 0.08539944646579722, 0.203168015344993, 0.16528475074927731, 0.20316560856650917, 0.08539944897913919, 0.08539941825145908, 

2.3847645398703845, 0.1652891701007197, 0.12603121348002644, 0.12602999599380618, 0.16528619117471582, 0.2747874615923106, 0.16528798683628804, 0.3719000526852883, 0.3718979753954183, 0.0853994463403078, 0.20316497905313852, 0.08539943316131915, 0.2747889888768723, 0.7024766227283749, 0.5289235092692792, 0.6880161354924561, 0.12603068534311038, 0.08539944853698439, 0.12603087490371281, 0.12602922116253568, 0.23966893898621547, 0.3719007035822146, 0.2747933301345302, 0.2396689775823605, 0.16528695154145245, 0.08539834987453533, 0.08515930788204999, 0.66115437480859, 0.6804387138459288, 0.2746777810765149, 0.12603259809046513, 0.3085394360408816, 0.04319060407768959, 0.08525668408378267, 0.6942129824873811, 0.704544685287961, 0.3408506250580233, 0.2747098305256233, 1.0425018988435297, 0.16528921506115501, 0.1652852620541008, 0.0853988508753296, 0.37189878189355186, 0.08539944646592003, 0.20316801581960714, 0.16528475169425647, 0.20316560856925214, 0.0853994489791392, 0.08539941872595033, 

2.3846943478410756, 0.16528917011019373, 0.12603121348333418, 1.1253412907248441, 0.16528619113989063, 0.27478746111931834, 0.1652879416075252, 0.37190005265064435, 0.3718979121427768, 0.08539944633758781, 0.20316497901831337, 0.08539943317081605, 0.27478898773441934, 0.6942121409292146, 0.5289234630408068, 0.6714872082275296, 0.12603068534324174, 0.08539944853725397, 0.12603087488814943, 0.12602922023869934, 0.2396689389931737, 0.3085398215499663, 0.20316798579832995, 0.23966897759162065, 0.16528695151845063, 0.0853983498397331, 0.08515806197253102, 0.661154372818791, 0.6804387114239236, 0.27467527090263244, 0.12603259760426827, 0.30853943604142425, 0.04318935819534425, 0.08525029275433693, 0.6804388756152815, 0.6990350407924804, 0.3408506249331583, 0.2030809317734538, 0.04318935819534425, 0.16528921577019803, 0.08539545517056962, 0.08539883356488397, 0.308537900354958, 0.08539944646579845, 0.20316801534526377, 0.08539587663408205, 0.12603155538769764, 0.08539944897913919, 0.08539941825145898, 

2.3846934147944583, 0.16528917010069671, 0.043386585379035975, 0.12602999595885192, 1.1645974859055785, 0.20316211676647217, 0.1652879408954929, 0.30853917110834095, 0.3718979121425956, 0.08539944633758781, 0.12602999279299623, 0.08539943316131915, 0.2031636433729953, 0.694212140928649, 0.48209150639645193, 0.67148720822111, 0.1260306853430873, 0.08539944853698436, 0.12603087488817263, 0.1260292202386937, 0.23966893898349545, 0.3085398215439094, 0.20316798578252537, 0.16528881229331666, 0.1652869515187803, 0.085398349839581, 0.08515806197252401, 0.6611543728187907, 0.6804387114239225, 0.27467527090249344, 0.12603259759477464, 0.3085394360408188, 0.04318935819534425, 0.08525029275415556, 0.6942129802984613, 0.7045446826657441, 0.3408506249331639, 0.2747062754072803, 0.04318935819534425, 0.16528921505843502, 0.16528526160481113, 0.0853988335648843, 0.3718987818906146, 0.08539944646579722, 0.203168015344993, 0.16528475074927731, 0.20316560856650917, 0.08539944897913919, 0.08539941825145908, 

2.3846934147944583, 0.16528917010069671, 0.043386585379035975, 0.12602999595885192, 0.16528619113973858, 0.20316211676647217, 0.1652879408954929, 0.30853917110834095, 0.3718979121425956, 0.08539944633758781, 0.12602999279299623, 0.08539943316131915, 0.2031636433729953, 0.694212140928649, 0.48209150639645193, 0.67148720822111, 1.1253419801089273, 0.08539944853698436, 0.12603087488817263, 0.1260292202386937, 0.23966893898349545, 0.3085398215439094, 0.20316798578252537, 0.16528881229331666, 0.1652869515187803, 0.085398349839581, 0.08515806197252401, 0.6611543728187907, 0.6804387114239225, 0.27467527090249344, 0.12603259759477464, 0.3085394360408188, 0.04318935819534425, 0.08525029275415556, 0.6942129802984613, 0.7045446826657441, 0.3408506249331639, 0.2747062754072803, 0.04318935819534425, 0.16528921505843502, 0.16528526160481113, 0.0853988335648843, 0.3718987818906146, 0.08539944646579722, 0.203168015344993, 0.16528475074927731, 0.20316560856650917, 0.08539944897913919, 0.08539941825145908, 

2.544313804259974, 0.12998529866606343, 0.07714786743138421, 0.05820083479787742, 0.058834452674429584, 0.24796229973517697, 0.18955638896859595, 0.26442635184128294, 0.4200642561892991, 0.12682148317103098, 0.11048149784504888, 0.06143910647892235, 0.1508665042004761, 0.8119385308557336, 0.5589683777630544, 0.6737370640305596, 0.06199089927830434, 0.16105063748787857, 0.19287950129873493, 0.1187731015004865, 0.20427176186185375, 0.006760455935097054, 0.9357445717560361, 0.12007646845297316, 0.14600126461480045, 0.039608674638828056, 0.1188099363661423, 0.961693509025482, 0.9829173948141372, 0.2405798163534245, 0.00833758491971083, 0.39366694519633094, 0.06020270750631068, 0.11264750822716274, 1.0173742347328307, 1.0474427988025798, 0.31675340566766097, 0.04258877967847312, 0.06020270750631068, 0.21635068874417712, -0.019859020807446233, 0.11087061929269881, 0.14486329787899652, 0.07678895275002293, 0.2650649300599865, -0.02745105278008097, -0.002418862804484806, 0.15033349309837618, 0.16565089723822932, 

2.5252972712091526, 0.12778313581081177, 0.07546962915724831, 0.05652261222159254, 0.056632328227859165, 0.2442950627801051, 0.18735424196168565, 0.25945373350925915, 0.4150916654555147, 1.1233891983356528, 0.1077732308741929, 0.060302505927295386, 0.14719924756239416, 0.802348497239008, 0.5518646508535094, 0.6643867519652538, 0.060312667813571315, 0.1599140367380083, 0.19120126739013782, 0.11709488892580583, 0.2010750784558319, 0.0017878292168022614, -0.06562705675623187, 0.11687978454929089, 0.1437991303644322, 0.038472088054809325, 0.1176764478892432, 0.9527428122623524, 0.9736825402284636, 0.23691402590213573, 0.00665932879971512, 0.3895467740156656, 0.05962809412700554, 0.1115128305897592, 1.0079262653883811, 1.037808341406336, 0.3121988767692807, 0.03892258947615472, 0.05962809412700554, 0.21414852530908274, -0.022061133269418172, 0.10973402647185748, 0.13989069593127768, 0.07565235202685716, 0.2623566239408128, -0.029653163730648864, -0.00512714296771119, 0.14919689234280514, 0.16451429687883987, 

2.593526851043272, 0.12645225364735435, -0.12664490280952334, 0.05631602189996005, 0.05631228716235819, 0.07267389628698052, 0.1901896017154039, 0.11955824231617124, 0.4212906424026399, 0.1257322018526621, -0.07680892791252704, 0.059198222787937085, -0.02292539232672794, 0.8534937234082444, 0.4546590298137875, 0.7185023808539874, 0.059526170714705645, 0.15973191726627675, 0.19471801419861257, 0.12167212237757122, 0.1993619614094181, 0.07239981101677667, 0.004742691190341791, -0.058687588945168234, 0.1461007065466095, 0.038384214006449355, 0.12197361156919759, 0.9547042428713015, 0.9761120297124202, 0.23895286754267242, 0.005911322875365346, 0.3882927056957507, 0.06277637324378074, 0.11461492337828866, 1.064310180068046, 1.0672124642514729, 0.317865907923243, 0.27800828651453313, 0.06277637324378074, 0.21405810021214197, 0.24256055380233998, 0.11391249648686949, 1.3462400481719268, 0.07551323742742344, 0.2646051697708064, 0.2354247261896138, 0.24802902628019619, 0.14904474754078118, 0.16699306056040827, 

2.384693492751078, 0.16528917010071686, 0.12603121347749935, 0.12602999635432227, 0.16528619153520896, 0.20316218336254985, 0.16528794090019516, 0.37190005304583484, 0.3718979121996132, 0.08539944633758893, 0.20316497941364764, 0.08539943316133922, 0.20316365525530602, 0.6942121409828057, 0.5289234630503988, 0.6714872084723478, 0.1260306853431193, 0.08539944853698514, 1.1253421696736532, 0.1260292310338726, 0.2396689389835168, 0.30853989935510795, 0.27479333013447005, 0.16528889024878501, 0.16528695207893215, 0.08539835023504963, 0.0851580619755013, 0.6611543728212488, 0.6804387114263808, 0.2030500044899556, 0.12603259774128006, 0.3085394360419985, 0.04318935819832155, 0.08525029275623057, 0.6942129802985658, 0.7045446826658501, 0.34085062534828103, 0.20308100899979145, 0.04318935819832155, 0.16528921505843622, 0.16528527239947644, 0.0853988336218422, 0.371898781895369, 0.08539944646579883, 0.20316801534556972, 0.16528476168925255, 0.2031656085665133, 0.08539944897913919, 0.08539941825203334, 

2.3846943478410756, 0.16528917011019373, 0.12603121348333418, 0.12602999595900397, 0.16528619113989063, 0.27478746111931834, 0.1652879416075252, 0.37190005265064435, 0.3718979121427768, 0.08539944633758781, 0.20316497901831337, 1.0847107279366563, 0.27478898773441934, 0.6942121409292146, 0.5289234630408068, 0.6714872082275296, 0.12603068534324174, 0.08539944853725397, 0.12603087488814943, 0.12602922023869934, 0.2396689389931737, 0.3085398215499663, 0.20316798579832995, 0.23966897759162065, 0.16528695151845063, 0.0853983498397331, 0.08515806197253102, 0.661154372818791, 0.6804387114239236, 0.27467527090263244, 0.12603259760426827, 0.30853943604142425, 0.04318935819534425, 0.08525029275433693, 0.6804388756152815, 0.6990350407924804, 0.3408506249331583, 0.2030809317734538, 0.04318935819534425, 0.16528921577019803, 0.08539545517056962, 0.08539883356488397, 0.308537900354958, 0.08539944646579845, 0.20316801534526377, 0.08539587663408205, 0.12603155538769764, 0.08539944897913919, 0.08539941825145898, 

2.3846934147944583, 0.16528917010069671, 0.043386585379035975, 0.12602999595885192, 0.16528619113973858, 1.2024734115323121, 0.1652879408954929, 0.30853917110834095, 0.3718979121425956, 0.08539944633758781, 0.12602999279299623, 0.08539943316131915, 0.2031636433729953, 0.694212140928649, 0.48209150639645193, 0.67148720822111, 0.1260306853430873, 0.08539944853698436, 0.12603087488817263, 0.1260292202386937, 0.23966893898349545, 0.3085398215439094, 0.20316798578252537, 0.16528881229331666, 0.1652869515187803, 0.085398349839581, 0.08515806197252401, 0.6611543728187907, 0.6804387114239225, 0.27467527090249344, 0.12603259759477464, 0.3085394360408188, 0.04318935819534425, 0.08525029275415556, 0.6942129802984613, 0.7045446826657441, 0.3408506249331639, 0.2747062754072803, 0.04318935819534425, 0.16528921505843502, 0.16528526160481113, 0.0853988335648843, 0.3718987818906146, 0.08539944646579722, 0.203168015344993, 0.16528475074927731, 0.20316560856650917, 0.08539944897913919, 0.08539941825145908, 

2.3846934147944583, 0.16528917010069671, 0.043386585379035975, 0.12602999595885192, 0.16528619113973858, 0.20316211676647217, 0.1652879408954929, 0.30853917110834095, 0.3718979121425956, 0.08539944633758781, 0.12602999279299623, 0.08539943316131915, 0.2031636433729953, 0.694212140928649, 0.48209150639645193, 0.67148720822111, 0.1260306853430873, 0.08539944853698436, 0.12603087488817263, 0.1260292202386937, 0.23966893898349545, 0.3085398215439094, 0.20316798578252537, 0.16528881229331666, 0.1652869515187803, 0.085398349839581, 0.08515806197252401, 0.6611543728187907, 0.6804387114239225, 0.27467527090249344, 0.12603259759477464, 0.3085394360408188, 0.04318935819534425, 0.08525029275415556, 0.6942129802984613, 0.7045446826657441, 0.3408506249331639, 0.2747062754072803, 0.04318935819534425, 0.16528921505843502, 0.16528526160481113, 0.0853988335648843, 0.3718987818906146, 0.08539944646579722, 0.203168015344993, 1.1645960455151176, 0.20316560856650917, 0.08539944897913919, 0.08539941825145908]
Alpha:
 [0.9827823691461282, 0.9848605466749861, 0.9843895035336296, 0.984159779614448, 0.9843893480258342, -4.640837801122875, -4.56266770411678, -4.756830632704091, 0.9843893610218816, 0.9846190719465733, 0.9715335169881932, 0.9841597796144487]
