ll =  -49760.288641803454
loss_zeroone =  0.16666666666666666
loss_symmetric =  0.16666666666666666
fscore =  1.4887984612319085
Clusters:
 [{5, 8, 10, 13, 14, 15, 20, 21, 22, 23, 29, 30, 32, 35, 36, 39, 40, 41, 44, 46, 48, 49, 50, 52, 53, 55, 56, 57, 58, 62, 64}, {0, 4, 5, 6, 7, 9, 11, 13, 15, 16, 18, 20, 21, 23, 25, 26, 27, 28, 33, 34, 35, 37, 38, 40, 41, 42, 45, 46, 47, 48, 49, 51, 52, 53, 54, 57, 59, 63, 64}, {0, 2, 3, 6, 9, 13, 14, 15, 17, 18, 19, 21, 22, 23, 25, 27, 28, 29, 30, 31, 32, 33, 35, 40, 41, 42, 44, 47, 48, 49, 51, 53, 54, 57, 58, 60, 63, 65}, set(), {1, 3, 9, 10, 11, 13, 14, 16, 19, 20, 21, 24, 25, 27, 28, 31, 33, 35, 43, 46, 50, 51, 61, 63, 65}, {2, 3, 5, 6, 10, 15, 16, 17, 18, 24, 25, 26, 27, 33, 34, 35, 37, 39, 44, 45, 46, 47, 51, 57, 59, 62, 63}, set(), {1, 2, 3, 4, 6, 7, 9, 11, 12, 16, 17, 22, 25, 28, 29, 31, 32, 33, 36, 37, 38, 40, 44, 47, 51, 53, 54, 56, 57, 59, 60, 61, 62, 63, 65}, {3, 4, 5, 6, 9, 10, 12, 15, 17, 18, 22, 24, 25, 27, 28, 29, 31, 35, 39, 43, 44, 47, 48, 53, 54, 55, 57, 58, 62}, {2, 3, 5, 7, 11, 12, 13, 14, 16, 18, 19, 20, 21, 22, 23, 26, 28, 30, 31, 33, 35, 41, 42, 44, 46, 47, 49, 50, 51, 53, 54, 55, 56, 58, 60, 63}, {1, 6, 7, 8, 9, 11, 12, 18, 19, 21, 27, 28, 30, 35, 37, 39, 40, 41, 42, 44, 45, 46, 47, 52, 53, 62, 63, 64}, {0, 2, 3, 5, 7, 9, 12, 13, 14, 15, 17, 20, 21, 22, 25, 27, 28, 30, 32, 33, 35, 36, 37, 38, 39, 41, 42, 43, 44, 45, 50, 52, 53, 54, 56, 57, 59, 60}]
Theta:
 [1.0, 0, 0, 0, 0, 0, 0, 0, 0, 0, 0, 0, 0, 0, 0, 0, 0, 0, 0, 0, 0, 0, 0, 0, 1.0, 0, 0, 0, 0, 0, 0, 0, 0, 0, 0, 0, 0, 0, 0, 0, 0, 0, 0, 0, 0, 0, 0, 0, 0, 1.0, 0, 0, 0, 0, 0, 0, 0, 0, 0, 0, 0, 0, 0, 0, 0, 0, 0, 0, 0, 0, 0, 0, 0, 0, 0, 1.0, 0, 0, 0, 0, 0, 0, 0, 0, 0, 0, 0, 0, 0, 0, 0, 0, 0, 0, 0, 0, 0, 0, 1.0, 0, 0, 0, 0, 0, 0, 0, 0, 0, 0, 0, 0, 0, 0, 0, 0, 0, 0, 0, 0, 0, 0, 0, 0, 0, 0, 0, 0, 0, 1.0, 0, 0, 0, 0, 0, 0, 0, 0, 0, 0, 0, 0, 0, 0, 0, 0, 0, 0, 8.418825500922765, 0.7593449427948756, 2.4884600262322607, 0.4463883887934678, 0.7667742164104341, 2.511822295495658, 0.5479202108926748, 2.881408805876458, 1.5287992805406778, 0.3294674628920683, 2.788719604093958, 0.12428262007244478, 2.384615600532324, 2.7478922013022586, 2.770343455069706, 2.3029832064780473, 0.6804333096270758, 0.25657754004656697, 0.4806202287819097, 0.48742988961044525, 0.6189503807820479, 2.043726685071862, 2.031142487074125, 2.35573345011364, 0.37642289017886765, 0.26081568212922124, 0.49251851504624883, 3.938484890648487, 3.9547893898981332, 1.1282395748323448, 0.3262679965903626, 0.9045684804489417, 0.247549292081552, 0.35411718976863, 3.8472601635938894, 3.8873989683039682, 1.4209640122587466, 0.9165931024190668, 0.247549292081552, 0.5834669654812308, -0.1418869070886867, 0.3557058720250509, 0.8221066936914314, 0.24830578009050602, 0.6204915458026808, -0.14150070135556675, 0.21726056317617198, 0.30227365087349095, 0.30371453369724355, 1.0, 0, 0, 0, 0, 0, 0, 0, 0, 0, 0, 0, 0, 0, 0, 0, 0, 0, 0, 0, 0, 0, 0, 0, 0, 0, 0, 0, 0, 0, 0, 0, 0, 0, 0, 0, 0, 0, 0, 0, 0, 0, 0, 0, 0, 0, 0, 0, 1.0, 1.0, 0, 0, 0, 0, 0, 0, 0, 0, 0, 0, 0, 0, 0, 0, 0, 0, 0, 0, 0, 0, 0, 0, 0, 0, 0, 0, 0, 1.0, 0, 0, 0, 0, 0, 0, 0, 0, 0, 0, 0, 0, 0, 0, 0, 0, 0, 0, 0, 0, 4.955531188332836, 0.5069026789702329, -2.047978179603456, 0.26649609161775023, 0.5295342095142321, -1.6054633719824836, 0.3198730763866302, -0.9568758515633229, 0.983758885377343, 0.21354305116536942, -1.5357388319193261, -0.02160354870267865, -0.7815433422674838, 0.9308216424546993, -0.44742572670210046, 0.29079397855236466, 0.5030672772130199, 0.1447632615778825, 0.31178295153306035, 0.3162636004891689, 0.24203353425482646, -0.9138535378882614, -1.1556448031420148, -1.8682507440365066, 0.1269258399080997, 0.13649391503819866, 0.39078214941044687, 2.6866503853750214, 2.6048252030963073, 0.7311266997813995, 0.11017401198803102, 0.4243973903457319, 0.19669694076913502, 0.24421765288261418, 2.613882337032559, 2.3677696023056813, 0.9351820271446178, 0.648800862844885, 0.19669694076913502, 0.3707992124356076, 0.8544483032824964, 0.24574403702721356, 1.1787132704467798, 0.14192250470134904, 0.33838012601289214, 0.8506149976121137, 1.084636191619127, 0.19539673727167614, 0.20651786961481206, 1.0, 0, 0, 0, 0, 0, 0, 0, 0, 0, 0, 0, 0, 0, 0, 0, 0, 0, 0, 0, 0, 0, 0, 0, 0, 0, 0, 0, 0, 0, 0, 0, 0, 0, 0, 1.0, 0, 0, 0, 0, 0, 0, 0, 0, 0, 0, 0, 0, 0, 1.0, 0, 0, 0, 0, 0, 0, 0, 0, 0, 0, 0, 0, 0, 0, 0, 0, 0, 0, 0, 0, 0, 0, 0, 0, 0, 0, 0, 0, 0, 0, 0, 0, 0, 0, 0, 1.0, 0, 0, 0, 0, 0, 0, 0, 0, 0, 0, 0, 0, 1.0, 0, 1.0, 0, 0, 0, 0, 0, 0, 0, 0, 0, 0, 0, 0, 0, 0, 0, 0, 0, 0, 0, 0, 0, 0, 0, 0, 0, 0, 0, 0, 0, 0, 0, 0, 0, 0, 0, 0, 0, 0, 0, 0, 0, 0, 0, 0, 0, 0, 1.0, 0, 0, 0, 0, 0, 0, 0, 0, 0, 0, 0, 0, 0, 0, 0, 0, 0, 0, 1.0, 0, 0, 0, 0, 0, 0, 0, 0, 0, 0, 0, 0, 0, 0, 0, 0, 0, 0, 0, 0, 0, 0, 0, 0, 0, 0, 0, 0, 0, 1.0, 0, 0, 0, 0, 0, 0, 0, 0, 0, 0, 0, 0, 0, 0, 0, 0, 0, 0, 0, 0, 0, 0, 0, 0, 0, 0, 0, 0, 0, 0, 0, 0, 0, 0, 0, 0, 1.0, 0, 0, 0, 0, 0, 0, 0, 0, 0, 0, 0]
Alpha:
 [1.0, 1.0, 1.0, 0.9709023408321542, 1.0, 1.0, 0.8900901380523168, 1.0, 1.0, 1.0, 1.0, 1.0]
